 xcellent
!!^$@)#)&%%&
!@#$
!@#$AHmeD
!staugust89
"1chuda*#"
##JJkk11
##shivramsingh@@
#Project123
#b9870051052
#bhanu29
#include#
#sr08cs009
$$Awojide
$101863
$10mar1989$
$3@1IdOy94
$Manju2401198862
$_khushbu_$
$ach7411
$andybajaj@2539
$bhardwaj$
$hikhar
$kyblue999
)(*VFKH)(*
***shasu88
*nokia5300*
*ran$ker*
+918431393022
+919359318425
+ranjithshree90*
,.25avanipatel92,.
-malin1-
.2442301321
//jeickspy007
/>0N!e5
0.8716854
0000
000000
0000000
00000000
0000077777
000111
00018682
000270200
000512794
000786
000b7c75
00149019
0020090033
00203395
002436
004071988
005575005575
007486
0078678600
009416974987
00ARTIST00
00asdfgh
00binary01code11
00seifer
01000111
010010
010101202
0101506
0101557119
010203
01021983
01022007
0102320564
0102363737
0103630232
0103804941
010403
01040702
0104469089
0104557613
0105010671
0105182171
0105352027
0105637844
01061993
0106303112
0107276037
0107862939
01081994
0109239665
0109768860
011085
0112650683
01130801
0113238866
012
012026
0121804808
0121866860
0123138581
0123143427
01233210
012345
0123456789
0123573810
0124278844
0124344039
0124448974
0124678904
01251200
0126073304
0126486060
012668209
0127152580
0127474725
012907913
0129116190
013193pm
013david
01412405
0142247029
0143177380
0146822344
01478963
0163833567
0166880368
01673466
01681334005
01716289874
01718642612
01722306116
01723052519
017337
01753923491
01754200488
01792181884
01813239888
01902830108
01921099878a.
01924321262
0193821896
0194698943
01989940
01Brandon$
01raptor660
02011988
0202020202
020284
02031989
02051985
0205cole!
020690tt
02081972
02081987
020890
02091994
021009
021059
02111988
021275
021880
0221reni
02251736da
02281961
022892
023855
0241851807
0242165992j
0244237891sowee
0244276962
02510871
026810401
0274248739
027471207
0279dkac
028408
02874412
03000200
03024231598
03026943465
0304123c
03047742011
0304monkey
03081991k
031015
031079
03121990
0312985
0314168
03146069669
03152525
031962
0319melai
032007c502372
03217570091
03219513404
032378xx
03238434240as
032678
032690
03313534562
03316819770
03318983644
0332511c
03338343914
03345060902
03347262630
033561
03365865880
0337792878
03453135809
034660092147
035205
03574310
036538817
036835447
039004910s
03cobra
04011996
04021985
04021997
040404
041160
04121987
041272
0412rahul
04200420
0420240
042278
0427032883
0429-17529899
04327252411
046425845
0473560503
0474913195
0483399g
049561522
05041890
0505320
05061991
05061992
05071990
050904
05091991
05101993
051204
05121991
051238938
05200825
052372594
052535
0531ln
053395
053460220
05359503754
05442723190
0545421299
055054093
0551412429
055792ahc
0564826410maryam
05656
056565631
0569225870
05harsh
060208
06021996
060289
06051986
060586
06061988
060700
0607vishal
060883
060992
061090
061210
061221
06181950
061898567
062526450
062950
06711A1211
06c31a1231
070102
070106
070291
07051989
07062009
070797lvs
07081978
070889
070899
070984
07111994.bhavya
071151
071164977
071176
0713113644
071371
0714462188
0717035566
0718667391
071894lucasee
071903
0719802249n
0719jb
072293
072370
07301994
0730290127
075757
0772175698omesh
0772992073
0774269188
0775479456s.p.c
0779105758raj
07813796443
07840Ricky
0787571711
078919757
07898locos
07drama
07eytcs060
07nirw@n
08/12/1992
0801190902
08021986
0802it063d01
08051988
08081993
080871
080888
08106009
08133446292
08138511471
081620165
082878tloc
0850134588
0858042292
08581816
086360316048it
0864213579
0874499855
08749bens
087600mm
088325728
0888812322
09064879044
090774
090793
0910753479
09111995
091201
091278
0912834035
091288
0913247945
091349832233
0913560706
0915028
09155420379
0916703999
091836
09198633216
092084
092097
0920979576R
0921235994
09233234873
09241243720
092661
0926886352
09283700239
0928455
09304761183
0932189822ISE
09335128
0957131920
096200316085361
098098
09822604538
0982695225TH
09845
098765432
0987654321
0991707037
09QTjn9JS
09aabg2614
09abg2614
09cs130
0BIlU44B0
0LW9ITIHH
0SMh0Ga4T
0XOb5mmc1
0b596756
0h7OOyHvo
0mk294
0nfire
0orl2hgygvwl
0rgn1r84
0x464xpn140
0yRfT8d2l
1
100105107045
10021992
1002672937
100289
10031991sm
10031993
100405617006
10044lexma
100502
1006daddy
100980
101011l
10101993
10102012
101032,./
101068
10111980
101182
10121995
10131991
101341
101402rp
101471*q
101689poker
101983
102030
102101t
102291
10261026
102690
102788Bd
102meats
1030201016
103025
103906
103rcxki
10525252
106228ks
106590
10661mh7ajiv
1066lorw
108948
10Bulletz
10armhev
10tnlCTU9
110063
110122064
110266
110382
110387
110558
11058997
110614
11073121
110772
111
11100079
111011254
11101993oct
111075
111091158
1111
11111
111111
11111111
11114444
111192
11121985
11121990
1112223334
111222s
11159394230
111969jk
111999
11214eva
11221122
112233
11223344
11223344ali
112233aa
112266
112358
112358132100
112384
1124abcdd
112688
11309coc
113194
1131972
1133215
113456789
115200eb
115364
115590
115985096
1160bb
11612231
116340316551
117077121
11741174
1175nm
1180fsm1180
1196meera
119789
11997700
11a81f0001
11april
11cmoxx611
11hijikabeh
11march1993
11peanut14
11s11049
11sibou22
11yrtemaharba
12
12001200
120136NE
1203456789
120393
120487
1204967
12061986Avi
120688
12091974
12111992
1212
1212112121
121212
1212121
12121212
12121975
12121999
121233
121292
1215226
1217kelly
121910fla
121satinder
12211221
122272227
12241993
12245
1225solis
122681
1227samutha
12281992
123
123.123
12300123
123123
123123123
123123??
123211
12321400
12331852
123321
123321turaji
12334
1234
1234****
12341234
1234321
12344321
12345
12345  "
12345!@#$%